100
2 1
100 20
200 10
2 2
100 20
200 10
3 2
100 10
100 10
100 10
4 2
9 3
7 1
10 1
8 4
2 1
298370 89
27121 2448
8 6
335795 395621
741036 500606
366030 186887
150978 876381
906023 137731
409346 115418
169384 362009
934245 87287
6 4
10794 63
10535 69
3041 392568
3251 314910
3684 306348
3369 382741
7 4
248472 100491
29412 848946
184212 135546
59942 416556
741608 33669
117096 213237
719304 34713
3 2
141778 36828
782936 6669
638001 8184
10 6
344344 19251
539994 12276
423522 15652
12834 516516
15939 415896
248248 26703
89838 73788
715176 9269
166842 39732
19964 332046
7 2
3691 311528
3791 349195
19758 71
3893 378226
3069 383079
16264 66
3035 374284
8 6
4390 641815
736175 160550
61887 298233
81799 245413
120765 10129
880090 121229
654549 329666
629846 657830
7 3
877004 258561
150158 743189
108574 311283
536774 402042
665012 158071
190417 181932
402965 941352
10 7
3918 338303
15129 75
3294 364357
3176 302762
3342 382075
3693 384593
3141 368952
18422 48
3941 370864
16748 4
7 1
25553 2289
25062 2935
23443 2245
249910 89
28308 2028
235931 40
24523 2431
10 6
12334 72
13321 14
3235 350208
15198 29
3026 331428
3498 342097
3692 320716
3187 313001
3920 390685
3450 379379
2 1
250385 35
29500 2106
9 6
139160 165503
60162 382823
94051 244882
30763 748672
38954 591246
48150 478326
459681 50103
32729 703700
66349 347125
2 2
100122 101556
18204 558558
3 2
218045 5
26505 2212
20625 2387
2 2
778221 16744
452732 28782
2 1
3648 370473
15452 82
5 3
75702 134316
78884 128898
35178 289044
353276 28782
30996 328042
2 1
615285 55786
114016 301048
4 3
18216 481299
78936 111069
246246 35604
23478 373428
2 2
95571 115368
18648 591261
5 1
436028 620945
440459 665559
858944 638848
777363 906816
86905 353556
4 1
160862 570176
267008 343509
597001 153634
496152 184862
10 7
159534 557072
561560 158259
715797 124158
119873 741384
92805 957620
972415 91393
277237 320563
336594 264033
684088 129913
152228 583808
2 2
359352 31863
398567 28728
7 3
3464 375359
3833 396573
3470 362873
18604 3
10272 49
3586 328726
3876 347470
3 1
25207 2347
24479 2548
248311 32
4 1
562826 67367
896360 599515
925943 59167
373659 296736
6 3
926458 27178
837885 988387
940640 574966
796905 529273
494000 262938
225297 475919
7 3
3824 388162
3840 303619
3223 384315
12835 12
15096 54
3237 353479
3370 344398
4 3
465695 71021
217794 900834
963598 682178
502412 71671
8 5
643356 16082
27047 382536
315018 32844
213624 48433
228459 45288
512302 20196
735042 14076
217107 47656
10 5
371770 228591
172125 493730
237643 357609
109414 776713
621932 136644
200676 423485
327774 259274
111507 762134
692503 122719
91378 930019
10 2
497352 438960
429950 3447
865881 152320
674317 356821
603455 102688
842043 765880
220764 497641
872709 763252
559208 839523
971094 108014
6 1
231693 193884
527589 85145
249452 180081
956531 46963
52307 858806
520323 86334
7 4
210447 2
27119 2469
24936 2958
221917 84
20877 2911
28586 2156
29564 2096
6 2
20060 696003
35096 397818
248967 56079
347119 40222
43271 322660
34722 402103
9 5
29333 2280
285355 89
24909 2949
28427 2348
25768 2808
21888 2574
27968 2392
271848 98
25103 2240
5 3
12857 833112
684342 15652
340431 31464
11592 924027
76038 140868
5 2
564548 939591
619535 902871
619372 231508
409877 143870
374063 492354
4 1
806627 66908
178840 301777
138003 391077
106662 505989
8 2
13303 38
3809 387260
3358 355292
3042 303077
3482 344378
14990 58
3005 315625
3818 343550
3 1
14988 19
3639 318543
3454 312729
5 1
40015 955846
196240 169838
624771 589659
373730 285567
118387 971387
8 3
282990 521791
194230 957860
637576 51226
578454 379872
636102 968379
476628 787
977003 503727
100189 577759
4 2
3560 360545
3310 399244
3246 304168
11998 68
6 4
20467 2351
298969 62
23166 2736
277037 54
26078 2991
27488 2272
5 2
402629 968002
976562 917517
15736 828029
110468 65046
139373 952602
10 6
103459 152237
333283 47258
129616 121515
105885 148749
216261 72830
240290 65547
55289 284872
102363 153867
122619 128449
628754 25050
2 1
3529 391638
14057 70
4 2
24528 2798
29854 2070
254279 68
23873 2625
3 1
154646 468661
997846 72633
440745 164441
6 4
121278 102564
161704 76923
21978 565964
150183 82824
75922 163836
485112 25641
10 2
3687 317167
3679 398528
3802 325777
15233 65
3490 342664
3304 360764
15301 25
3202 352585
3627 362328
18046 53
9 2
25032 2295
279968 84
23209 2821
22489 2023
25200 2326
26431 2650
244149 61
29765 2404
21957 2931
4 3
3251 371994
10767 36
3264 385289
3411 350139
10 7
144782 437843
95272 298438
388729 636635
531002 197968
546626 536177
481542 435535
649690 441239
210999 304956
41378 51333
767234 910555
4 3
557706 136576
900793 84558
146881 518578
126568 601805
3 1
18026 16
3682 306195
3762 342460
5 3
90353 917059
159780 518582
721580 114830
959383 86367
669184 123821
1 1
1 1
8 3
180593 531309
785409 249278
896277 460485
412654 883984
30206 560654
48984 794400
668289 409141
863350 363082
10 10
1000000 1000000
1000000 1000000
1000000 1000000
1000000 1000000
1000000 1000000
1000000 1000000
1000000 1000000
1000000 1000000
1000000 1000000
1000000 1000000
4 1
971448 24341
124419 692776
816972 869051
111149 785401
2 1
81319 674818
94807 578813
6 3
769067 283024
393641 86930
38518 111836
849220 38663
314175 899052
918549 109441
2 1
602790 70873
850891 50208
5 3
25901 2994
23656 2923
247789 91
27376 2515
221141 53
3 2
26018 2199
23956 2459
274064 99
6 1
294074 8
26167 2382
23263 2527
23587 2518
23562 2802
285039 61
6 4
184212 135546
500004 49938
105944 235683
333336 74907
204508 122094
117096 213237
3 1
254726 15
23523 2706
24764 2886
3 1
25195 2420
222070 75
23400 2307
6 4
57276 201894
140008 82593
45144 256151
56166 205884
208791 55384
725496 15939
8 3
419090 286243
365983 373089
559475 953827
631682 283864
644513 553116
26742 94504
843355 449526
51443 441846
3 1
97444 858792
463773 180442
673731 124210
10 7
20453 2138
26337 2201
29915 2433
20967 2633
25655 2988
26574 2402
231958 71
27392 2674
264721 91
277453 57
6 4
37758 373428
14168 995193
112056 125829
134757 104632
516026 27324
31878 442308
7 5
538478 30203
138354 117551
96898 167843
66030 246307
210027 77436
682601 23826
41217 394586
3 1
3753 305905
18633 25
3481 312249
3 2
90687 248472
372708 60458
663404 33966
2 1
11920 100
3811 337779
3 2
24080 992719
692007 98437
307920 376643
9 3
247891 267194
105524 627677
436460 151755
247827 267263
273713 241987
481709 137500
324038 204405
524725 126228
792939 83531
8 3
186407 369819
572263 352178
736919 556864
257198 321561
53390 716992
378337 440586
810599 177249
946870 659131
10 6
30969 358904
38454 289044
13311 835016
237762 46748
867132 12818
29822 372708
25974 427924
190008 58497
285012 38998
33966 327236
7 3
21216 2353
28724 2402
29714 2175
25384 2994
259011 86
206317 55
28683 2079
7 4
575757 28536
23751 691752
605283 27144
22386 733932
127946 128412
95571 171912
17316 948822
10 6
781144 21033
29754 552188
193401 84952
30044 546858
55944 293683
216398 75924
881049 18648
316274 51948
515736 31857
135198 121524
3 2
19509 80
3573 321349
3815 328389
10 3
35244 424457
426782 35052
173813 86067
107910 138630
50226 297845
971211 15403
722405 20708
347727 43021
457829 32675
452470 33062
5 2
22300 2176
290363 1
25041 2164
23612 2845
237363 62
4 2
3030 332654
14053 92
3335 388654
3624 335413
7 3
127405 432662
107461 512961
832867 66185
453686 121501
72378 761603
381099 144643
100510 548436
9 3
3442 362707
3997 360996
10866 47
3980 384271
3688 303162
3324 319317
3611 358169
11383 9
3268 304410
