99
2525 1
2400 5
300 2
120 60
60 90
19285270 1
6821402 7710
38703948 1
31174119 4730
1000000000 2
999999996 3
999999997 2
500825058 1
54783932 147
917732058 1
714718254 4129
188513365 1
78324778 5276
772082672 1
475095419 2211
1000000000 2
100 10000
200 10000
903498960 1
853236381 2956
501891381 1
395288465 2179
687378529 1
282845400 4103
718872599 1
319919451 4986
574951527 1
152555134 580
200000 2
5001 1
5000 3
50047455 1
43397251 2130
740323254 1
181143026 6260
253296641 1
196248606 4895
1000000000 2
1 3
2 2
1000000000 2
999999997 3
999999998 2
331383999 1
165583995 5766
372074979 1
37645084 2498
451777758 1
266722294 2984
9607787 1
2362377 6297
135339719 1
78426590 8642
1000000000 1
1 10000
501338873 1
313434258 6311
153095226 1
106610709 3814
490945330 1
252847294 6166
32404642 1
8261410 6892
851935397 1
274978235 385
2 1
1 10000
198247885 1
131392174 8671
282106940 1
132879537 7255
374040319 1
281571404 8360
502933140 1
365050661 6111
173466618 1
23072714 7527
117743652 1
2545836 620
326123745 1
288448088 9091
500645076 1
130397359 8059
1000000000 2
999999999 2
999999998 3
388553510 1
170060905 78
933929576 1
574628353 9161
644343673 1
251113111 653
722928638 1
471551097 1395
874723619 1
828468754 8098
1000000000 2
998000000 1
999000000 1
797119401 1
582896650 6105
860723891 1
370944222 1383
165015628 1
148234914 6735
1000000000 1
999999999 10000
180181484 1
166287677 2465
333884731 1
247169975 7853
264837869 1
214952493 7307
650556989 1
173380292 4862
787839630 1
233124714 9428
213165604 1
133524013 7145
1000000000 2
12345676 2
12345675 3
871604658 1
761152494 8413
1000000000 1
999999999 1
570924473 1
201726066 3601
892229134 1
716725496 1358
343347450 1
144384875 4101
1000000000 2
999000000 10000
998000000 10000
327619247 1
173373606 4733
65914097 1
40533460 2177
145186013 2
17997079 5823
139570318 5522
81625887 1
33544472 4540
209476070 1
106188631 5629
2 1
1 1
53402851 2
36188008 5656
51780682 3250
246246573 1
51034820 6292
444157621 1
138237458 7791
215177714 1
30456454 2269
365810330 1
147632154 7738
393226695 1
358783625 48
926266639 1
323290811 9843
286551326 1
205702408 5769
397941045 1
149359647 3300
476337227 1
370777616 6393
794553503 1
536489540 4025
542828976 1
488907655 7159
790179247 1
449851801 4021
49154234 1
21911284 7204
981840785 1
625936456 3361
305399748 1
180393735 7443
567029868 1
417248133 2104
1000000000 1
1 1
231887695 1
193684583 6405
513075760 1
414951322 3463
824979022 1
390338868 8646
328546832 1
269968513 7030
740258847 1
497685522 1036
175059654 1
26528765 4441
111984444 1
59968514 8465
111979294 1
70927174 5880
955842886 1
523463486 9582
989572154 1
24509167 1180
