100
11 5 16 5 0 0
3 1 3 2 2 0
3 1 3 2 1 0
2 1 5 1 1 1
98 1 97 49 0 1
98 1 24 53 0 4
26 1 72 62 2 33
97 1 97 48 0 1
95 4 23 34 0 0
97 1 100 47 0 1
42 1 22 25 1 9
91 1 31 44 0 3
50 5 60 24 3 5
66 1 100 28 1 23
31 1 39 16 1 3
99 1 91 49 0 1
94 1 92 48 0 1
93 1 95 47 0 1
98 1 48 48 0 2
28 5 50 7 0 0
80 15 55 89 33 87
92 1 97 47 0 1
100 1 48 50 0 2
94 1 24 49 0 4
95 1 92 46 0 1
90 1 95 46 0 1
4 1 74 2 4 1
96 1 91 48 0 1
76 58 64 40 1 22
98 1 99 49 0 1
88 7 48 60 0 0
97 2 68 6 1 3
100 1 30 49 0 3
98 1 30 48 0 3
90 1 91 44 0 1
96 1 90 49 0 1
81 1 63 47 4 12
92 1 19 23 0 0
96 1 30 50 0 3
100 1 24 50 0 4
94 1 92 47 0 1
92 1 98 47 0 1
90 1 22 47 0 4
95 4 9 57 2 10
98 1 33 51 0 3
91 1 97 44 0 1
99 1 97 49 0 1
15 2 46 9 4 1
96 1 92 47 0 1
10 3 17 43 6 27
99 2 2 8 0 0
97 1 94 49 0 1
95 1 46 47 0 2
91 1 97 46 0 1
93 1 93 47 0 1
4 1 95 2 3 1
90 1 25 45 0 4
90 1 24 45 0 4
99 1 92 50 0 1
98 1 91 48 0 1
90 1 96 45 0 1
26 1 60 13 3 2
96 1 96 48 0 1
16 1 65 9 3 2
39 1 14 26 4 11
42 28 64 54 3 18
95 1 29 36 2 1
93 1 97 46 0 1
97 1 93 49 0 1
100 1 48 49 0 2
100 1 90 50 0 1
93 1 99 47 0 1
93 1 92 45 0 1
36 41 85 76 28 49
93 1 97 45 0 1
87 1 31 42 1 3
79 1 92 37 3 15
99 1 90 48 0 1
98 1 96 48 0 1
94 1 24 47 0 4
96 1 48 49 0 2
90 1 50 47 0 2
100 1 92 49 0 1
99 1 45 51 0 2
98 1 33 48 0 3
89 1 4 80 2 4
51 1 65 27 4 2
98 1 91 50 0 1
91 1 96 44 0 1
81 1 77 40 4 15
94 1 31 47 0 3
99 1 98 49 0 1
95 1 100 42 4 6
90 1 91 46 0 1
4 1 3 1 2 1
92 1 97 46 0 1
11 1 69 5 2 1
29 1 35 10 2 2
81 1 26 35 1 2
99 1 81 51 2 9
