99
6 2 0 2 0 2 0
3 1 0 2 0 0 0
175 68 0 43 0 64 0
430 146 0 202 0 82 0
999 333 0 333 0 333 0
185 61 0 42 0 82 0
4 2 0 1 0 1 0
226 83 0 90 0 53 0
999 499 0 1 0 499 0
4 0 0 3 0 1 0
154 37 0 72 0 45 0
281 92 0 173 0 16 0
686 222 0 280 0 184 0
999 500 0 250 0 249 0
999 250 0 499 0 250 0
939 165 0 450 0 324 0
428 160 0 170 0 98 0
61 26 0 10 0 25 0
808 332 0 234 0 242 0
5 3 0 1 0 1 0
91 31 0 21 0 39 0
1000 333 0 334 0 333 0
805 358 0 399 0 48 0
349 129 0 117 0 103 0
4 1 0 2 0 1 0
937 409 0 374 0 154 0
3 1 0 1 0 1 0
952 677 0 74 0 201 0
295 110 0 132 0 53 0
999 0 0 499 0 500 0
234 43 0 167 0 24 0
374 45 0 162 0 167 0
745 240 0 345 0 160 0
186 30 0 76 0 80 0
674 310 0 51 0 313 0
1000 250 0 500 0 250 0
606 113 0 244 0 249 0
591 286 0 213 0 92 0
569 160 0 181 0 228 0
316 81 0 79 0 156 0
225 66 0 100 0 59 0
924 225 0 274 0 425 0
409 160 0 85 0 164 0
586 248 0 248 0 90 0
55 21 0 26 0 8 0
587 251 0 166 0 170 0
36 15 0 13 0 8 0
422 197 0 83 0 142 0
4 2 0 2 0 0 0
56 5 0 12 0 39 0
51 10 0 19 0 22 0
836 331 0 153 0 352 0
1000 1 0 500 0 499 0
435 184 0 87 0 164 0
59 25 0 18 0 16 0
831 316 0 156 0 359 0
1000 0 0 499 0 501 0
998 306 0 314 0 378 0
59 5 0 39 0 15 0
214 95 0 101 0 18 0
7 3 0 2 0 2 0
476 218 0 48 0 210 0
746 182 0 39 0 525 0
835 226 0 524 0 85 0
921 294 0 400 0 227 0
693 144 0 229 0 320 0
509 226 0 239 0 44 0
6 3 0 0 0 3 0
5 2 0 2 0 1 0
30 13 0 11 0 6 0
364 131 0 100 0 133 0
50 15 0 23 0 12 0
944 391 0 233 0 320 0
79 20 0 38 0 21 0
4 0 0 2 0 2 0
244 21 0 117 0 106 0
1000 500 0 0 0 500 0
852 294 0 257 0 301 0
697 183 0 262 0 252 0
790 279 0 352 0 159 0
3 0 0 0 0 3 0
102 41 0 13 0 48 0
737 442 0 186 0 109 0
269 59 0 94 0 116 0
5 2 0 0 0 3 0
183 47 0 87 0 49 0
6 1 0 2 0 3 0
930 220 0 45 0 665 0
3 0 0 2 0 1 0
404 85 0 120 0 199 0
992 453 0 341 0 198 0
385 0 0 372 0 13 0
658 301 0 187 0 170 0
312 61 0 144 0 107 0
272 83 0 71 0 118 0
617 169 0 285 0 163 0
219 24 0 94 0 101 0
984 463 0 39 0 482 0
4 1 0 1 0 2 0
