99
6 2 0 2 0 2 0
3 1 0 2 0 0 0
283 121 0 66 0 96 0
741 259 0 273 0 209 0
999 499 0 499 0 1 0
1000 501 0 0 0 499 0
999 250 0 499 0 250 0
300 137 0 107 0 56 0
235 114 0 10 0 111 0
999 0 0 499 0 500 0
91 30 0 43 0 18 0
3 0 0 1 0 2 0
822 27 0 401 0 394 0
308 128 0 26 0 154 0
600 140 0 162 0 298 0
782 761 0 1 0 20 0
483 139 0 151 0 193 0
5 1 0 3 0 1 0
764 327 0 194 0 243 0
909 15 0 0 0 894 0
109 33 0 34 0 42 0
999 333 0 333 0 333 0
703 338 0 256 0 109 0
469 11 0 116 0 342 0
84 35 0 9 0 40 0
974 392 0 379 0 203 0
214 57 0 85 0 72 0
444 20 0 25 0 399 0
629 198 0 205 0 226 0
993 468 0 96 0 429 0
739 130 0 253 0 356 0
312 106 0 52 0 154 0
339 100 0 156 0 83 0
472 160 0 225 0 87 0
4 3 0 1 0 0 0
21 0 0 18 0 3 0
3 3 0 0 0 0 0
435 315 0 16 0 104 0
698 321 0 223 0 154 0
960 433 0 373 0 154 0
283 103 0 49 0 131 0
171 49 0 47 0 75 0
1000 500 0 250 0 250 0
1000 333 0 334 0 333 0
267 101 0 71 0 95 0
5 2 0 2 0 1 0
772 374 0 57 0 341 0
412 136 0 204 0 72 0
84 27 0 36 0 21 0
4 2 0 1 0 1 0
626 286 0 166 0 174 0
722 352 0 288 0 82 0
544 187 0 136 0 221 0
802 387 0 135 0 280 0
738 291 0 301 0 146 0
3 1 0 1 0 1 0
568 182 0 235 0 151 0
412 167 0 126 0 119 0
1000 500 0 500 0 0 0
468 191 0 70 0 207 0
6 2 0 3 0 1 0
886 442 0 211 0 233 0
567 69 0 228 0 270 0
504 243 0 117 0 144 0
776 299 0 223 0 254 0
806 381 0 22 0 403 0
1000 499 0 1 0 500 0
4 1 0 2 0 1 0
835 413 0 14 0 408 0
646 195 0 243 0 208 0
377 44 0 160 0 173 0
168 67 0 64 0 37 0
749 214 0 271 0 264 0
557 91 0 241 0 225 0
718 126 0 509 0 83 0
505 336 0 13 0 156 0
861 127 0 50 0 684 0
6 0 0 3 0 3 0
999 500 0 250 0 249 0
237 101 0 75 0 61 0
7 3 0 2 0 2 0
972 412 0 455 0 105 0
943 225 0 296 0 422 0
530 185 0 240 0 105 0
5 2 0 0 0 3 0
827 357 0 409 0 61 0
340 79 0 159 0 102 0
420 204 0 181 0 35 0
231 44 0 74 0 113 0
515 213 0 201 0 101 0
257 94 0 102 0 61 0
790 197 0 212 0 381 0
4 2 0 2 0 0 0
321 112 0 63 0 146 0
966 220 0 440 0 306 0
179 113 0 37 0 29 0
213 55 0 96 0 62 0
531 160 0 182 0 189 0
4 1 0 1 0 2 0
