99
6 2 0 2 0 2 0
3 1 0 2 0 0 0
315 60 0 104 0 151 0
648 119 0 58 0 471 0
9 3 0 3 0 3 0
635 271 0 50 0 314 0
527 82 0 255 0 190 0
542 55 0 234 0 253 0
136 55 0 19 0 62 0
736 244 0 161 0 331 0
5 1 0 2 0 2 0
3 1 0 0 0 2 0
706 45 0 335 0 326 0
135 50 0 38 0 47 0
806 660 0 72 0 74 0
4 2 0 0 0 2 0
1000 1 0 500 0 499 0
723 209 0 326 0 188 0
310 56 0 106 0 148 0
787 248 0 369 0 170 0
3 3 0 0 0 0 0
453 211 0 28 0 214 0
915 402 0 189 0 324 0
944 933 0 3 0 8 0
3 1 0 1 0 1 0
359 98 0 179 0 82 0
332 28 0 278 0 26 0
35 12 0 6 0 17 0
1000 500 0 500 0 0 0
69 12 0 33 0 24 0
642 262 0 289 0 91 0
947 404 0 300 0 243 0
367 174 0 136 0 57 0
999 333 0 333 0 333 0
39 0 0 6 0 33 0
909 88 0 42 0 779 0
400 187 0 121 0 92 0
1000 250 0 500 0 250 0
4 0 0 1 0 3 0
4 1 0 2 0 1 0
213 96 0 13 0 104 0
6 0 0 3 0 3 0
84 35 0 21 0 28 0
215 107 0 25 0 83 0
633 205 0 122 0 306 0
902 309 0 446 0 147 0
878 436 0 349 0 93 0
716 232 0 203 0 281 0
848 403 0 409 0 36 0
943 366 0 301 0 276 0
724 93 0 334 0 297 0
904 425 0 276 0 203 0
535 186 0 246 0 103 0
999 500 0 250 0 249 0
7 2 0 2 0 3 0
4 0 0 2 0 2 0
811 321 0 312 0 178 0
5 0 0 3 0 2 0
403 181 0 117 0 105 0
421 197 0 146 0 78 0
194 39 0 92 0 63 0
6 1 0 3 0 2 0
34 12 0 9 0 13 0
410 112 0 156 0 142 0
697 315 0 257 0 125 0
767 57 0 381 0 329 0
679 111 0 319 0 249 0
490 223 0 55 0 212 0
85 13 0 41 0 31 0
669 203 0 281 0 185 0
111 19 0 50 0 42 0
999 1 0 499 0 499 0
111 15 0 50 0 46 0
5 1 0 1 0 3 0
317 17 0 277 0 23 0
529 42 0 32 0 455 0
4 1 0 1 0 2 0
948 118 0 47 0 783 0
999 499 0 250 0 250 0
533 239 0 247 0 47 0
118 55 0 52 0 11 0
297 136 0 122 0 39 0
571 229 0 239 0 103 0
905 452 0 155 0 298 0
1000 499 0 501 0 0 0
187 69 0 79 0 39 0
1000 333 0 333 0 334 0
956 472 0 389 0 95 0
652 284 0 64 0 304 0
4 2 0 1 0 1 0
89 39 0 11 0 39 0
488 139 0 109 0 240 0
192 78 0 23 0 91 0
999 0 0 500 0 499 0
669 246 0 206 0 217 0
834 416 0 99 0 319 0
305 258 0 15 0 32 0
711 91 0 298 0 322 0
996 330 0 497 0 169 0
