99
6 2 0 2 0 2 0
3 1 0 2 0 0 0
355 152 0 115 0 88 0
4 0 0 2 0 2 0
110 50 0 52 0 8 0
999 1 0 499 0 499 0
306 148 0 88 0 70 0
640 228 0 233 0 179 0
286 98 0 93 0 95 0
872 407 0 215 0 250 0
275 93 0 109 0 73 0
1000 0 0 499 0 501 0
180 66 0 49 0 65 0
888 161 0 432 0 295 0
146 55 0 34 0 57 0
138 16 0 43 0 79 0
4 2 0 1 0 1 0
4 2 0 0 0 2 0
322 57 0 172 0 93 0
94 55 0 26 0 13 0
488 73 0 204 0 211 0
255 78 0 71 0 106 0
744 328 0 108 0 308 0
845 352 0 323 0 170 0
197 92 0 51 0 54 0
653 86 0 93 0 474 0
240 96 0 25 0 119 0
999 499 0 0 0 500 0
972 356 0 404 0 212 0
935 378 0 116 0 441 0
806 280 0 162 0 364 0
66 33 0 9 0 24 0
736 276 0 122 0 338 0
910 370 0 236 0 304 0
742 218 0 414 0 110 0
850 246 0 259 0 345 0
5 0 0 3 0 2 0
378 133 0 163 0 82 0
548 20 0 50 0 478 0
983 367 0 433 0 183 0
831 186 0 281 0 364 0
6 3 0 3 0 0 0
141 55 0 28 0 58 0
5 1 0 3 0 1 0
364 78 0 127 0 159 0
7 2 0 2 0 3 0
935 401 0 165 0 369 0
910 367 0 203 0 340 0
703 203 0 176 0 324 0
104 48 0 11 0 45 0
4 3 0 0 0 1 0
573 38 0 259 0 276 0
279 34 0 133 0 112 0
448 181 0 126 0 141 0
3 1 0 1 0 1 0
533 245 0 34 0 254 0
648 345 0 215 0 88 0
195 67 0 93 0 35 0
213 32 0 87 0 94 0
4 1 0 1 0 2 0
4 1 0 2 0 1 0
381 312 0 11 0 58 0
5 1 0 2 0 2 0
308 102 0 143 0 63 0
686 278 0 139 0 269 0
815 512 0 52 0 251 0
844 44 0 389 0 411 0
469 194 0 209 0 66 0
192 47 0 86 0 59 0
1000 500 0 250 0 250 0
706 202 0 248 0 256 0
3 0 0 0 0 3 0
1000 333 0 333 0 334 0
127 57 0 48 0 22 0
999 333 0 333 0 333 0
885 410 0 241 0 234 0
214 49 0 66 0 99 0
703 319 0 198 0 186 0
69 21 0 18 0 30 0
919 228 0 473 0 218 0
347 163 0 166 0 18 0
387 118 0 128 0 141 0
22 8 0 6 0 8 0
1000 499 0 500 0 1 0
999 250 0 500 0 249 0
512 174 0 241 0 97 0
744 283 0 209 0 252 0
1000 0 0 500 0 500 0
773 379 0 344 0 50 0
519 257 0 85 0 177 0
6 2 0 3 0 1 0
624 240 0 263 0 121 0
452 61 0 203 0 188 0
176 39 0 59 0 78 0
906 343 0 434 0 129 0
568 267 0 190 0 111 0
937 385 0 258 0 294 0
175 50 0 69 0 56 0
999 250 0 250 0 499 0
